-2.43998341214513 -4.490519627734342
-2.6916350886680456 4.555190691031161
-2.500430115972975 -4.084450473803932
-2.680087531280175 3.9930050803397314
-2.5027452830981147 4.328883947105718
5.025984976090288 -0.0592498605745669
5.000738622294378 0.0028720310755296673
5.001910005564687 -0.019219928157588464
-2.587418954932553 -4.441661040245534
4.875510321031297 -0.13219912911223727
-2.6957015303077503 4.374111618627634
-2.5462003405506324 4.370082994504962
-2.469103792895204 4.181779813709895
-2.4069356486992826 4.979094194075018
-2.5359444036755066 -4.4121036270650515
-2.4872069973343023 4.332624251736161
-2.1687833334516684 4.899886276196475
5.077681813974879 -0.3490744783137218
-2.554573893803585 -4.184151701052859
-2.8549700823261546 -4.42255916984495
5.05003595837092 -0.2997048160737062
4.993544989782294 0.03863752395129878
-2.235968541397142 -3.958001533296837
-2.4609181226953374 -4.508478551404026
-2.4916358315652576 -4.230524753517325
-2.234527982271246 -4.237117169440258
4.978936195644839 -0.1331377353185179
-2.470635672039723 4.518166459096241
-2.346974788682954 4.357602487328146
5.004083827243409 -0.000739922575622574
-1.992989247061209 -4.198681000303729
4.982922037640402 -0.02818906049275631
5.194220931790425 0.20323894060497613
-2.5441752541034295 4.4213453402664395
5.234447356463813 -0.182273632551523
-2.5427662640533857 4.593362728466697
-2.064949750201301 4.025385650192599
-2.3606946321750346 4.60504173720979
-2.2183427827020434 -4.519365711695989
4.9528555151451386 0.04511333885972951
4.888867389698589 -0.1048732617280679
-2.5954936711616 4.169167421924178
-2.3415745665166425 4.26821042449444
5.051946116153374 0.02438781105517664
-2.7294177620525133 -4.213646990372711
4.90767881498149 0.16686786294136316
-2.4413916848482975 -3.8280075014567743
4.865786415995369 0.09313731869655849
-2.8575496075382434 4.134805440402117
4.981683691074908 0.01423319201685453
5.165040367256432 0.08626813752946283
-2.5454261101238846 -4.813764875901896
4.974174692261857 0.026302787135563742
-2.61603150299417 -4.207567075302416
5.053400241771149 -0.09084068269825467
4.993078784385165 -0.05123109092121448
-2.471039216624446 -4.361970212142032
-2.508155743512805 -4.348886318366842
-2.640529224889634 -4.256857568368956
4.7487369582463 0.09110509206902866
-2.9181714086939308 4.192119412836599
-2.842429312472011 -4.497737332157888
5.139191673990712 -0.16087404923239598
-1.8518861522255765 3.5394298073981822
-2.5005056391538787 -4.382172244236967
5.023793142678148 -0.0662540730733825
4.991559280312004 -0.005881691197809296
-2.4853497717801174 4.248364514863652
-1.8538888002857585 4.603233412439323
-2.395225891976753 -4.398731427518864
4.671599900392969 0.026893194235811598
-2.534941206274651 4.679201815766936
-2.9092867667105713 -4.316456562039678
-2.6957021198582805 -4.202196412434923
-2.489980932139198 -4.707390108913168
-2.5920357891959043 -4.316713720901389
-2.184325757250686 4.367871934523451
5.034581544170839 -0.13251924761996856
-2.6721128188392647 -4.383843048752008
-2.4814328514208195 4.358958746325957
4.885252882748744 0.2898125829914913
4.840869545500196 0.16691636418264902
-2.3260759359280145 -4.457895882126044
-2.6841040109009735 -4.519147979976423
5.104425916269831 -0.015691901641634125
4.994767119751842 -0.19628546444620168
-2.6240125151723803 -3.9985463358293765
-2.472423921509937 -4.404307713256656
-2.8851005281694584 4.097526789566422
-2.3238679066966013 -4.359773371934498
-2.248732804216998 -4.378498533561845
4.996344189247842 -0.00818248339625448
4.911162888236246 0.05588441820856128
-2.506709417221856 4.365224110796677
-2.540406826256441 -4.390916331090379
-2.555833279237038 -4.586676004821968
-1.9090790175837138 -4.362399446020141
-2.803294479183552 -3.8344483255094017
-2.5201259000667147 4.290023052714915
4.756939567160823 0.06213180827743015
-2.500880108611904 -4.33090525763821
-2.712441808163915 4.420393996606002
-2.4627116382752177 4.3355894216065085
4.922777706367542 -0.04650748183191918
-2.794921520432557 -4.599815091602827
-2.326902325494088 4.1384561647346265
-2.3021574574527954 5.437399112944798
-2.7919102856971065 4.434354491003535
4.6301530592921845 0.043838211474650925
4.90743684588971 -0.07647561014124915
-2.4375290568353214 4.363797447866735
-2.5485180409424175 -4.054510490274744
-2.5058709438725035 4.6361241805110005
-2.3537752116600084 4.121416912463381
4.810380844497628 0.17897020600040645
-2.5009456542273365 -4.30862089488643
-2.6078375749235163 -4.412203178577335
-2.529497263742195 4.168611933482676
-2.6109460150106707 -4.198724638341303
5.003493986113542 -0.0330245677092573
-2.679139849649714 -4.392579195333407
5.050687223865281 0.01971401863477641
5.134592767852944 0.048253544807967425
-2.4281589881088532 4.312071279479558
-2.2355584640551007 4.220507530971469
4.617046339944412 -0.08170257497852493
5.324210586397239 -0.2506454576153361
-2.2858356929449153 4.542563333962418
-2.915508761070031 -4.399025169296454
-2.4496995157019397 -4.3682974507826025
-2.3734498909560657 -4.4809595764567405
-2.60257950089922 4.216087537113979
-2.6312356412670215 4.211053648174123
-2.5978593344917322 -4.282655561810705
-2.742013167822302 4.070796240948118
-2.7103354351562365 4.096485527123107
-2.208286757314453 4.720156068511177
4.91307369965181 0.050029337328134686
-2.56265904611681 4.372571562717396
-2.543987501513055 4.3803846222941925
-2.368659194276604 -4.402394926433991
-2.80547586773567 4.819194028850874
-2.5142504696926875 -4.337143812297116
-1.9042169929620458 -3.706441516217457
5.109443529563016 0.006772238212766889
-2.9538368151466066 -4.056503558917532
-2.7644726929709815 4.131862180027579
-2.5054662316584935 4.336245999689696
-2.437903666299279 -4.305537132510304
4.96796182850892 0.13676063935571886
-2.477670824808658 -4.325741723132011
5.015606643290262 -0.08239418468919207
4.9634411566036345 0.2870138770948927
-2.6385302905196784 4.425160489091109
-2.5258603535786412 4.307744411876819
-2.4150595243461463 4.312478557988545
-2.484517415563761 -4.60012769884413
5.289586093498855 0.268971968645495
5.321447741687018 -0.22550934114997645
5.452383134133729 -0.3375388323556785
-2.045820718087409 4.78430598796633
-2.5076742242180767 -4.445824433248022
5.714927272518337 -0.5325898928450358
-2.4923473382450845 -4.280263129717916
-2.3341092512215176 -4.901092663829253
-2.5449763793618683 -4.719165139696401
-2.598465456624068 4.013118557149686
-2.653967068696321 4.19632835633189
-2.4563259307400656 4.366769920406211
-2.427076802978724 4.32582895679957
-2.5396312965988423 4.376008313273748
4.48754088602157 0.02412517618076678
-2.5797494888765224 4.607317713171595
5.022703091689935 -0.008580481039807188
-2.4170826617560675 4.356766606817735
-2.5023159910383588 -4.073416881181572
-2.6196258767070195 -4.662765593531343
-2.4325820687084097 4.162327480172551
5.223372804093724 0.018855752356482916
4.802902650202473 0.1017243275406096
-2.725307072946886 -4.221441456854703
4.984913496843476 -0.0005727506131893538
-2.4999995722297648 -4.3301291871546805
-2.8135979729723473 4.441014303868774
4.967671105723467 0.009615268201027498
-2.915467267265625 4.479469439503964
-2.111432247588212 3.8742764690036697
-2.2355120698669144 4.380727564371295
-2.5544690227415723 -4.422034329812309
-2.546274326852463 -4.499015074336296
-2.694747523660863 4.657336359201234
5.078783767361883 -0.1405139142034961
-2.3156002778635116 -4.145403510196947
5.298944651520324 -0.17204230833047032
-2.383583765375418 -4.478349753395699
-3.0018083723427966 -4.2247289048163195
-2.537922763901454 4.1438130665704085
4.945074310935892 -0.06932571757717318
-2.3958839255697306 -4.457436672006848
-2.492911421609633 -4.554340017607929
-2.4710737383330037 -4.0857102016171405
-2.769192567863757 -4.302082108275543
-2.749281100559945 4.051399179539614
-2.5090618715948563 -3.971727121285439
-2.1556283997095678 -4.1938949853412755
5.01506355708932 0.0013845284598326916
4.906587322105483 -0.05744489526020068
-2.4846893086065864 -4.3879478965010374
-2.478804703559798 4.147957469432618
5.140866985742363 -0.14714294403432374
-2.58102103217124 -4.288254835258053
5.070758471447682 0.20067047553013967
-2.362142556526757 -4.080784032597812
-2.5583760383970593 4.594295942610243
-2.4996991757914833 4.330980715562466
-2.3891700147994754 -4.55804702181887
-2.385870746974722 -4.20180367369353
-2.8599171010866185 -4.223807198692254
-2.186677671281549 -4.605060114754919
4.99253821435253 -0.006349712060603681
-2.357661436879064 4.2479405196038424
4.843128390060637 0.03629625567993129
-2.410658800700894 4.225091217400115
-2.967028499545554 -4.485633647621951
-2.533417550838887 4.36684330699963
-2.5076068197615715 4.340050258148595
5.048661766739113 0.0803812355164665
-2.498032461798921 -4.336089528597871
-2.720500890178145 -4.465735816602667
-3.010397720046059 -3.5749860717676
-2.508049470967697 4.386266979469745
-2.4233352298326403 5.116300350678227
-2.483868071490151 -4.433543997209253
5.101143992669592 0.15375751734056314
4.89476458896225 -0.2820485369185193
-2.476849876834266 4.358062704893563
-2.437357811260801 4.378687128853338
5.1137923425268506 0.15234202270029712
-2.3825721757938276 -4.211798304204908
-2.6203612327221784 -4.243705565996615
4.729696231215476 0.034509566162711856
4.950468366327598 -0.0404708109976783
-3.1425715176556617 4.544697924259844
-2.660003533911838 4.311147251663205
5.157302301185231 -0.11660258657125794
5.019556243243772 0.08356061432723284
-2.542126855105923 -4.401944778796282
-2.498993769428052 -4.255541998271226
4.896961445393751 -0.1856334944883612
-2.5300800647500847 -4.28791528188635
-2.485238047105308 -4.297319219460793
-2.5608040277544073 -4.289219937637685
-2.490601793637911 -4.299758321579292
5.281381446251693 0.16901593658429173
-2.5494445385568794 4.370138081722906
4.742081563004183 -0.06757013759067908
-1.9919618448223235 -3.723311863037064
-2.629205165716995 -4.17346447054042
4.773791226318101 -0.11714453812370118
4.952316749007895 0.09509716977898759
-2.339811409875671 4.59159428806101
-2.813767434660545 4.729260796689773
-2.86895820894926 -4.314740421419108
5.146378775750686 0.2729458352437954
-2.4051635212659748 -4.403704862375766
-2.011471108791736 -4.519288214128693
4.9819032400885 -0.09387822653613902
-2.4217355442150756 -4.022603596664942
4.9252964800252865 0.19869860430671465
-2.5753144854187653 -4.346363153780017
-2.5260477696421995 -4.1694626950990035
-2.5303708313348072 4.369362680109098
-2.287555769572041 -4.499300486742475
-2.511112585390594 4.539854511892506
5.007744444965029 -0.14710645058469068
-2.272027801270186 4.029208451318172
-2.5377138094484586 -4.7447930714223485
-2.499275187051965 4.295667849536243
5.089851480600633 -0.10454671185880972
-2.3235882751366557 -3.947076171107899
4.883883501042343 0.4078091920151152
-2.551302483690551 4.3788098229682495
4.720326755212794 -0.1791181688648187
5.121891162382079 0.2030869165715448
4.74082272479181 0.019989568327069385
-2.4495324669727467 4.17039138829058
5.003028838152221 -0.0014959942256434222
-2.0834941247089893 -4.561313122998753
-3.025739738762937 -4.520578153861273
5.1816481005874175 -0.18583722784637471
-2.328662722370731 4.9147419905399605
4.9699326938963155 0.043419105661052414
-2.7603218796793576 -4.292506091377497
-2.4460081416996218 4.346787763644333
5.05811855938203 -0.16459944415691474
-2.75466626351387 -4.455314149895836
4.742259709928415 -0.20046045749464855
-2.4482473340204516 -4.303360340512565
5.263357150431827 -0.18713043503474583
4.978777066130034 0.07074471260277727
4.996583251608389 0.0031380930723009424
5.0342287584483945 0.2430351195376466
-2.6404671270303397 -3.5164759286982807
-2.300520068976871 4.195232817561992
-2.4766631510179136 -4.2512494954373565
4.739137881298402 -0.04294527882200505
-2.4280123166146406 4.127330270675347
-2.5000932307312826 -4.329778394206949
-2.4907457468051204 4.1522073071455905
-2.6590907532838246 -4.357628806795624
-2.54545387047649 -4.746812689140628
-2.1638481276138046 -4.807012806366043
4.988367161450292 -0.06274564340726337
5.0282810692241 -3.8254064304714206e-05
5.117195275956007 -0.1020526296678597
-2.448197440620181 -4.3402291696179764
-2.899404083900567 4.2297473879494865
-2.8173625050970115 4.629952059444244
-2.4415334904575445 4.288121761095167
-2.4067563926534015 -4.346681023377334
5.471218900576496 -0.0808276669288134
5.019833147062059 0.33355737363926397
-2.6053598329923133 -4.518616476588343
-2.5698251834243453 -4.359603362221844
-2.422263373053255 4.372227371973032
5.005233185871639 -0.008721884043686444
4.856501461698326 0.12786276725120432
5.190241492648305 -0.18304549163978154
-2.52074308837871 -4.32289876507458
-2.4888503392511856 4.350367127782536
-2.5247125526163083 4.390445496400135
-2.6932057225529773 -4.085511843639592
-3.021603833047439 4.2529730197143065
-2.5038453099677396 -4.333848422318807
-2.877324738782495 4.251403245955992
-2.518345958525184 -4.592332725184559
-2.4073315399785105 4.24769348943244
-1.8020160538417371 4.627607478561558
-2.4902983838141486 -4.388501284854465
5.0905881750567366 -0.07953218285880363
-2.5263999216862008 4.3226785955090055
-2.534480622673359 4.339508547326177
5.096423292003826 -0.5337360213604905
-2.80887621381896 4.179418848853985
5.108478715678205 -0.03262643106850627
-2.5282045173781 -4.367950681109365
5.107195028085014 0.34142925051544765
5.2246790529368425 -0.1878858550956447
-2.637565476228319 3.901811795888349
4.8358449762301055 -0.28550905626810097
4.775560870273541 -0.14483229506387515
5.079133997109681 0.33834981942419584
-2.7649550549532522 4.288280688437999
-2.6037219433639556 -4.6285262093186486
-2.5100540747619657 -4.329527149616686
5.109702710695935 0.06760112387721003
-2.4411861001317217 -4.291505673315982
4.8642143239956335 -0.20588583027479518
-2.718299325052395 -4.028604764158456
-2.495763641112172 4.330049397692123
-2.406787347890537 4.063827046324001
5.020571564661875 0.04033405005282594
-2.27784617225543 -4.327956954726331
4.8270318646235255 -0.19394667194455553
-2.474942474177484 4.3878020691097905
-2.85694411206322 4.3722722879759965
4.834598931635455 -0.10359389265047564
-2.3487206489616224 -4.179957692366395
-2.0972770010631794 -4.431767375729709
-2.1242620870249334 -3.999556550877919
-2.462963652132036 -4.193865546117629
5.008618694735592 0.18192722028764266
4.950877892362285 -0.3873695099286564
-2.7379650616489553 4.239597458917001
-2.27050896005396 -4.159383105856554
4.870425426976166 0.11759559758535676
-2.6900485597536283 -4.2331030839518
4.984485763051125 0.36058722528314485
4.866388167849448 0.10339769497510011
4.511197463993123 -0.3444669068080484
-2.066672396017281 4.442621051782226
-2.7810610244650182 -4.053143205500494
-2.2496585069685686 -4.3304505078770505
-2.5433571409005107 -4.385081244621286
-2.7967543547677005 4.540116813180477
-2.738993081303388 -5.1230479007081335
-2.5113539429065352 4.322623731384754
5.018439877412723 0.1071163384620311
-2.2749433785331 -4.389144359608759
5.1249262961765485 -0.17188872556329923
-2.7225678323021043 4.348683467556051
4.949983835404475 -0.021113779448791194
4.986936781842915 0.022125193565380157
-2.445883152696201 -4.415564655121446
-2.178461213786801 -4.808743724988404
-2.6443691792738617 -3.9386109951248485
-2.224682308060235 -4.155438325943028
5.038445065074003 0.24937581767735859
-2.1678570144763336 4.2424310029788055
4.900095994252052 0.10679030804476412
-2.6799344629851403 -4.679983497774833
5.16092672406641 -0.0041428838324251436
-2.697214859888795 -4.208825761727781
4.950657118960621 -0.06668291384452586
5.1360115146752 -0.020339650580767345
-2.44767770279616 -4.3076972864416065
-2.5003876787239223 -4.324644191863242
-2.5258552687398637 -4.276838616424712
5.171617028136767 0.06773527188161287
-2.682960944684121 -4.521534510219756
-2.469633283718498 -4.32125645436149
-2.5804503339788365 4.505863528371778
-2.3384152453641716 5.2134675488015425
-3.005844163313928 -4.247181726742043
5.060386600952217 -0.05091754780562249
4.958950298996871 -0.11279115389312827
-3.017543422846851 -4.599968983148249
-2.7055650517436063 -4.515489809967307
4.814277405423057 -0.00719677347032658
-2.6134512931536924 4.226024935317273
4.925308915904927 0.08433565059786001
-2.9223508486715377 -4.526141515711065
-2.5589078959370677 -4.434177482473003
-2.3763235748248484 4.2748421495887845
4.538521170813275 0.41132042577511524
-2.3184905863608902 4.469205500066642
5.161814630102567 0.07377099007743054
4.8800154776489695 -0.08106820301360407
-2.9844679414236213 4.413726582021423
-2.3731632525891935 -4.409631463093369
-2.5138352926952066 4.353915409659359
-2.652081453430433 4.009954891502314
-2.3836113744089764 4.258709876489076
5.121232053070109 -0.22277337116940057
5.454412386401109 -0.07572386472349962
-2.2310577068182424 4.439487796071353
-2.638572060771289 -4.451092118982768
4.929031924492131 0.15059992605342606
-2.320552632149811 4.058708540862247
-2.6472053170779652 4.733993269739274
5.160398868439602 -0.15120872147016762
4.6930539468926815 0.0450844073064924
-2.6983155340876963 -4.245106929267207
-2.17370077423163 -4.0575237251790615
-2.4995177234291788 4.074336574492384
5.018944949758813 0.012975357471815798
-2.637817001706962 4.128801868931188
-2.6542441567490918 -4.389833551018395
5.1471362908600105 -0.4961546873821827
-2.8970662515564065 -4.449530212440508
-2.5298494893951085 4.537752530316253
4.8897075054986425 0.4614616139946583
4.56946375202929 0.11379969002415356
-2.5090882088411877 -4.335302064035249
4.758820977809581 -0.015822454163308925
-2.6515191767503663 -4.374225253216641
-2.2524787434381475 4.492848309721835
-2.569320423497155 -4.401526001727289
5.021620116012119 -0.08520831437635203
-2.4926858648391605 4.289679346717507
4.777191955220098 0.17698937582312538
-3.1286322514226192 4.854498901031417
-2.254945443680203 -4.490300787691134
-2.462081241762654 4.178633512840335
-2.3546166157126387 3.8953369556102255
-2.6626443341837343 4.239273076920399
4.997900076330263 -0.0290884879059651
-2.492966861475703 -4.346331010418972
4.774887206794479 0.04657058053923675
4.98498739816529 -0.24051180129808086
-2.333181757396015 4.160405772483783
4.971493190014156 -0.2108412199043547
-2.2906808062274187 -4.3620763835910505
5.015267106835081 0.5272953946939678
5.068857529914046 -0.20116030217316958
5.069800280307474 0.2621501284986089
-2.8050338462018014 4.283348901781608
-2.4648523942942475 -4.205640892585718
5.009079115466832 -0.01934418641901473
-2.271530261709742 4.473790852619372
5.048783202054843 -0.06133023974631538
4.991896301151768 -0.013899248548909221
-2.5055765911715273 -4.328955323211072
4.917050473130596 0.015894351035318416
5.067735376730319 -0.1651134242155119
5.020763405357541 -0.10641439044260222
-2.7572170865663406 -4.792544753720909
5.109862223240123 0.2034401688425192
-2.423095298374554 -4.797355423781726
-2.485913242201708 -4.355784828668108
-2.6496446931195035 -4.775915606407649
5.281427216727135 -0.08266987747000677
-2.6259466568791634 4.375467427793119
-2.326386428119605 4.3195890417270535
-2.4004899074219326 -4.562663453583507
5.073271548770416 -0.1831255087443038
-2.4720341659963347 -4.136070463551124
-2.6055074928785142 -4.704831193989327
4.713560067604942 0.13396987049452658
5.046482849054124 0.06952753003883694
-2.3941515950715826 -4.279513058975916
-2.6239907037970793 4.341907914492996
-2.496177695057136 4.115356889494136
-3.061550514889057 -4.553956342709912
-2.8341801117420635 -4.454552845888992
-1.8197597761756072 -4.525686464765057
5.004862893931487 -0.0005012575410239986
5.12748026234711 -0.10995763437189966
-2.2430205382036985 4.772917376035659
-2.5510761063020904 4.438389924705694
5.03209805301908 0.32993237202758763
5.012697932635466 -0.03134189342327127
-2.218006921917623 -4.406213745899834
-2.3406610337336216 -4.73862471189047
4.932395485809129 -0.21316525121081673
-2.4852335849326996 -4.363291422992271
-2.1674382573206334 -4.129687669686169
-2.1788612383814066 -4.456101545436804
5.2006550357034325 -0.027131500807056383
-2.4532592575857772 4.356216954166879
5.010925649888823 0.010872062948462248
4.698274588289995 0.4112139479367747
5.0132489904185915 0.09252349725398555
-2.4982124548542632 -4.324125608235416
-2.4722332023032187 4.235787368804344
-2.293714776668605 4.332026832701711
-2.404332269304203 -4.447179320890867
4.7738753067620605 -0.0383728653111642
5.006050868075463 -0.044085285054457586
-2.845773669655018 4.363638278534173
-2.404536225861421 4.431164449495903
-2.284330175461957 -4.065605749375683
-2.5617912153383258 4.337551713309835
-2.392912526236636 4.339832692092039
-2.104313675977542 -4.512270791436999
5.153809030689323 0.12652868344892387
4.670850233045036 -0.10628995037790527
5.002371585256972 0.15386470227170687
-2.3065304063900074 -4.5730527261488385
-2.581199059641556 4.415547997113019
5.0167842638669855 -0.07131175697511888
5.009752801575084 0.007957400594872835
4.962611766605181 -0.007354273916846887
-2.382857938249734 4.430518435949318
-2.551884235040471 4.278481950493478
-2.404709299498209 -4.360252116366896
-2.545727817850323 -3.5076888553365584
4.8059866043867 0.14670668611086685
-2.3774489026136845 -4.062438553800443
5.0144399592726385 -0.03674915436555538
-2.455284355329908 -4.335053055905266
4.624715131682124 -0.02167644989865909
-2.651488737085234 4.669273676017645
5.006194795180574 -0.25083599044040306
-2.553195654529842 4.153793374684477
-2.499350358997999 4.266404940435341
5.104397765454874 0.028434727320890193
-2.6301832748065594 -4.521037584386115
-2.5004819276874053 -4.328162206266534
-2.7700355640715277 -4.055806538359056
5.081541451895716 -0.05641296701043752
4.812595149761374 -0.06746090375256594
-2.4804831200891764 4.061879920842513
4.747814292789608 0.35339719959424915
-2.6730247537339733 4.160129571020928
-2.5623054729110586 4.384193948272394
4.867611236134408 -0.1046259409877225
-2.4440977317915364 4.246814033792147
5.066911142263839 -0.04739527209096179
4.914198210334329 0.013732504460055733
5.037969654297508 0.2964404352128582
4.7957905701742485 -0.3829295545078243
4.824469202413452 0.13425583047557707
-2.101093490147017 -4.159871195753031
-2.4894559458771646 -4.373823887795987
5.090021666184736 0.04821912407037448
5.003468282647743 0.0981819595964927
4.907158173464437 0.015396331671279162
-2.636933618045201 -4.188983017670914
5.127181679402586 -0.020962803193651566
-2.874663957967324 -4.257893399771636
-2.337769125791932 4.691543972956152
-2.5981554759102576 -3.825677760009392
-2.580661940891223 4.364059139977503
-2.7009429980359396 -3.9482688938192845
-2.327289756431844 -4.1432460045172395
-2.411060617385909 4.282150211343514
-2.5195639793066626 -4.252896814009841
-2.648903961924867 4.15262791562016
-2.632686026919804 -4.222980077791628
4.990320345766876 -0.15807976343285424
4.865442168523373 -0.25568106112235545
5.320461352581506 -0.038694328755988106
-2.8929608577132253 -4.959214415788228
-2.4837055064303915 -4.365528128215671
-2.6178584729280137 4.4114745274241285
-2.5128137816129565 4.3008218424921045
5.000749193975664 0.0011479831949618362
-2.5483475731285505 4.225339307855322
5.137220471674162 -0.11662428427969274
-2.8656273158145673 5.035432578495654
-2.3364166347651727 4.49606463469874
-2.9133295175574605 -4.548299483274794
-2.6029905963665736 -4.48689901401461
-2.578056938375079 4.341691408214279
-2.4641616561815405 -4.3638584436835846
4.996968918739203 0.05873194434970392
4.9881241359085555 0.08894566030700175
5.206961484763707 0.06348655052014862
-2.46680137138197 4.329020848746672
-1.934976409942145 4.197242149833545
-2.735756243994769 4.210855262920943
-2.4914244363671876 -4.34115079591559
-3.021467438841604 4.63408762924718
-2.6984874599071564 -4.517235226443116
-2.5054746656095146 -4.42086978917074
4.9810215819405155 -0.07580622078979692
-2.5782825296535177 4.393222441809347
-2.6152757312781634 -4.362119651655552
-2.518494252977394 -3.852720953876376
-2.6044850293681074 -3.930971981330316
4.866328860141296 -0.07411430927209817
-2.487515593754257 -4.263974403884457
-2.5375436848615154 -4.114097269054591
-2.3614652995103356 -4.600796417613232
-2.1202926139107 4.196146172516151
-2.18966955687719 4.677913155209343
5.095785428517909 0.04804763666159838
4.960754558098572 0.02906435220655896
-2.7202522892512246 4.548039272113099
-2.342770356591889 4.397571949711048
4.983557920296388 0.06481894113212022
-2.645925429594398 -4.52886848072051
5.160786632887484 -0.36877595637048816
5.0300075466455985 0.046919166616320875
-2.0556036159508055 -3.828169984614351
-2.3629713571423925 3.7572879922798594
-2.5315460720266043 4.2305049943242965
4.862281155265146 0.35125799679526526
5.114433052892078 0.21829222652875793
-2.8477427804060103 -4.691445708483028
5.119146990233203 -0.12149699815919868
5.054126821612088 0.018972080846584763
5.140567905457361 0.18798904882044967
-3.0392455446275175 -4.523276368356315
-2.6802139961725717 -4.5181798712571135
4.742386191931535 0.10010443892555884
-2.42306142390223 4.184663388048248
-2.723794512083 4.50408819286656
-2.844661545518963 -4.6690158247151174
-2.562980144213795 -4.415610774004262
-2.778778333254092 -4.252290255239458
5.298049543491667 0.0025059412773770513
-2.812242572147139 4.269159437192601
-2.5483533078522496 4.1498523344476155
-2.478580785663844 -4.130656993920737
-3.124879606504895 3.9795078575317424
5.246695515490454 -0.28518189176332226
5.095400687002123 -0.019099065829274512
5.066880958030551 -0.088517163915874
-2.4858204640964217 -4.0782121503472615
4.9715446467357225 0.004749094884475468
-2.9976098894513497 -4.430939364104446
5.230022335573661 -0.19630596113397808
-2.4653820641595936 4.315702990874966
-2.2126409329357983 -3.96073270582895
-2.5029692110158863 4.258067054926825
-2.5232451412022296 -4.355132797150589
-2.5988538464497997 4.0724254596319405
-1.974115190680827 4.17128348078454
-2.502132399901477 -4.323394517714286
4.977311001530397 0.024959139605614755
-2.3723081824567647 4.336862209633975
-2.5300819365528278 -4.208130012745197
-2.3844872999036397 4.393486022845951
-2.1679116639915947 -4.389231109421733
5.071218827862532 0.04433424885615737
-2.239284412066937 -3.9224802463861788
-3.0344290240705387 4.013640824802584
-2.526513824357083 4.216790329405871
4.895819272177951 -0.053966442838362876
-2.5028254618370216 4.35860201992529
-2.283266510296628 4.168220058530495
-2.514704363671773 -4.36122836174676
4.978924667426647 -0.04954234589994289
5.142525638983398 -0.10779724870741086
-2.3634028728949152 4.142803121542346
-2.5960240899110616 4.642533440339963
4.934470706762048 0.018962144667856732
-2.5551093126111324 -4.324052907380541
4.98828713320113 0.028327045384170812
5.177254614896067 0.11977531201274923
-2.436018494140634 4.226566208065122
-2.53471335428485 3.9513028803437025
-2.4966630925700395 4.486982558652478
-2.387651134960612 4.277465044856605
-3.044920853900186 -4.2847596090653735
5.0261017436759 -0.11326447617431183
-2.562182197780971 4.353444175063683
-2.0484298620595704 4.52068985556266
-2.2946814796467048 4.509925655563291
4.937513156903405 -0.054309222200684494
-2.4888985524564124 -4.287052367688355
4.8603503193264705 0.10814378749072222
4.941443276935319 -0.0315897742043529
-2.5139150451056604 -4.046518061869271
5.032489667598358 -0.10413369656456599
-2.689165298397853 -4.232205905598895
-2.354504632401119 -4.488791567231329
5.051342244822273 0.1151273636268268
4.953742577838983 -0.3361461076699812
-2.3000693797456684 3.9784142702973155
-3.0053649581509396 4.537830071221505
-2.378648761802467 -4.442066936420148
-2.418525695254227 -4.371071573483363
-2.342495409337987 4.345955027853274
-2.313804813107507 4.167112800362937
-2.8328853589335723 3.8417219939166167
-2.6358077075650757 4.480659581051036
5.188672724836398 0.014367264090637856
-2.0385739647894723 -4.277472610596718
5.048244860960286 0.07859842745746035
4.701921831277357 -0.08660185555614369
-2.094317446095187 4.5176391598603916
4.9810479554691725 0.053182792137708004
5.003999412660072 -0.0038139544069721192
-2.4905515815960753 -4.68665752629655
4.933620812666273 -0.33269317189622966
-2.0671108853699613 3.6944493433737593
4.634458821617356 -0.06879951601430534
-2.754361897725615 -4.092828000809128
-2.5066787150281398 -4.298717963210602
4.622220573760295 -0.07141718152084149
-2.614408363153937 -4.444862300502017
-2.0161612280166588 4.754917240954465
-2.602321942456575 4.463961722550687
5.145449247442262 0.038945220289841716
5.405396528647455 -0.22394943805005407
5.131277248084397 0.14774904603674807
5.219648826424201 0.2014159404748094
-2.3455866608829563 -4.2194530729389825
4.836694042675507 -0.07621976154334582
4.98491670210334 -0.6994755475305742
4.984738924759132 -0.18278245837128768
-2.5265762213532494 -4.645790946477545
4.836948665793671 0.06995485155350045
-2.5205764273698232 -4.4055967238675375
-2.4187585947152743 4.373428407169317
5.269639504061662 -0.18799071811900026
5.348872549469066 0.19598616070722394
-2.6983529241444226 4.380001760640331
-2.611245930828904 4.3949190257415625
4.969103417006849 0.10549165558860327
-2.153027812313018 -4.330976323325558
5.477707206010555 -0.06915188163250123
5.123979463605022 -0.130456582410367
-2.7574689371423142 4.198580285683269
-2.6371136344379993 4.577100559098695
-2.687169497227704 -4.305794858494563
-2.4411761501063673 4.448240558262536
-2.454734666013576 -4.358834328532152
-2.644891506206476 -4.261837327817855
-2.6183679872101546 4.417039860394253
5.046258879400379 0.2533619161814238
5.023831686464948 0.0940803561788746
-2.473552923101214 4.495346272706023
5.080569549834337 0.14184323114631683
-2.5714862027398833 4.610315321943631
-2.5466798944748956 4.508048558129873
5.197152236959918 -0.07587956051759914
-2.3289604394394714 -4.452701757863281
-1.9363151942542935 4.332696863548109
4.9823139407907995 0.27416132370989743
-2.4707570980776894 -4.379956043026542
5.077927958747566 -0.10218520931435575
-2.488393749355234 4.305364289562357
5.041162712697292 -0.2466439674174226
4.91549676815391 -0.158309799681371
-2.788214882205505 4.254407415063238
4.79432332450177 -0.11374177241310343
-2.3642955819308944 -4.493989959088781
-2.4554790977250818 4.375550139003804
-2.6334446855146547 4.330785949414072
-2.55989132027087 -4.0654953122530415
5.4153431242659895 -0.2254542291747649
4.78236678864255 0.27297129625608246
-2.475571146878882 4.24823728053522
-2.4965956796598725 4.502756897190473
4.90269244821181 -0.4058166227067835
-2.440435338271944 4.308340512575171
-2.5886645974486115 -4.227672258206453
-2.4758194156710682 4.36091653006207
5.099119808794084 -0.03649953241286428
4.719021512119838 -0.06901758929569098
-2.505261924523089 -4.335864483759207
-2.3584155262797957 -4.221383733443325
-2.4888341217046683 4.306001037494029
4.8565455499487165 -0.10487007437914848
-2.781618330798097 -4.408694191747141
-2.5449805269545784 3.869643831007052
-2.2910578926207394 -4.177394685720029
-2.5264974312320465 -4.646974751181087
-2.4596107412871615 -4.317930153336573
-2.601418295782632 -4.557408199914266
5.098393803870029 0.15852081075919225
-2.657011652647712 4.462686049217493
-2.839575908950271 -4.68196092670604
5.404490723053671 0.0956921316530523
-2.5220124448779537 4.502251613296907
-2.308917446890862 -4.175408870405722
-2.5445187175458495 4.196518131348717
-2.5041419830535445 -4.312538562081808
5.000300648542248 0.054472421620433274
-2.049381072028866 -4.372037786461062
-2.0313718107608842 -4.267364068927112
-2.5264758614197027 3.908833184373211
4.48752165994245 -0.08876664264629622
-2.464604072315728 4.24799949578183
-2.5020179136207057 -4.3309483383132665
-2.4932657293018847 -4.3518121504726714
4.859495340280463 0.05351832169198896
5.065043297197388 -0.07202236057356
5.102384738642133 -0.08227319733360527
-2.4266650240180594 4.305511551684773
4.940342164071214 -0.003962702389647895
-2.514331978533175 -4.363621453127706
-2.5361931830344484 -4.35129980167749
-3.1183957378396165 4.812556418931008
-2.482629023975301 -4.338191882599115
-2.7938853877945555 4.040971884952865
4.980250857934446 -0.18100985678493692
4.943974645851062 0.27357553629302256
4.9191990968983035 -0.07189268296558779
5.259394432717979 0.048867435664428555
5.208332984456422 0.018017429208776144
-2.3256857426550734 -4.607543583152855
5.001900851191815 0.006185150006795471
4.915764438767857 0.017413026936401312
5.022070498426437 -0.012089192835947818
5.028819372411385 -0.2016544547238251
-2.451248973984448 -4.292485656260161
5.031506069637814 0.06672339464384523
-2.221236469270763 -4.349179393766533
-2.8005569102660886 4.278826425432787
-2.4400540077160766 4.5446674929571484
5.322289675951377 -0.11357861016451407
5.276690610867281 0.25966265967636254
-2.9197605440511354 5.272991636368038
-2.6416579928889936 -4.301475512880123
-2.3854806728113904 -4.3541524279512815
-2.705287005010414 -4.637734943325278
4.903703497693223 -0.010237561378222073
-2.3882886884017998 -3.972038149315138
-2.2102821393387906 -4.517787147912199
5.195150379813757 0.13935207524256257
-2.4806919936747445 -4.293214852200852
-2.5129493295756897 -4.364205939607806
5.0372077794164385 0.12441760794625516
-2.538336356670185 -4.116766041988623
-2.5690829014159826 -4.503454340970856
5.011837814292013 -0.016630331903128116
-2.45690640662357 -4.244221993330431
-2.6162077489503197 4.225517040537493
4.8411789488953465 0.18355935377410293
-2.751537857061824 4.1941740656245585
-2.5513366689017745 -4.355549914336138
-2.4770645563804434 4.3603083306010735
5.162524653144097 -0.3779106931138655
-2.5173756720706617 -4.651925916900652
5.187534578811255 -0.10783213386459758
5.1588514169766695 0.017355937710345406
-2.399779871189229 4.780157863248941
4.999550915016716 -0.11102529789640403
4.94105086519241 -0.008962029755605729
4.999163781211466 -0.0010873925427956385
-2.5729832868606177 4.677637648994115
5.014906707884388 -0.17516250685185863
-2.7900688549604493 -4.171964898396808
-2.371447982622368 4.067515843347865
4.9453212913214095 -0.3074717732534987
-2.5304250635784635 -4.466241100684734
4.999958023625014 0.0005587973922303152
4.971561677950083 0.03787459041127678
-2.280037971289163 4.0410670130674005
5.07003681933289 0.5879994237524371
-2.4044596963224647 -4.217548025440871
4.938268467596371 -0.19365909994310035
4.889336846125781 -0.049316715030664045
-2.337533716339771 -4.510620266969623
-2.3408862211025347 4.389738266696502
4.976665565267978 0.23152136354079536
-2.497580346230641 4.331625683765643
-2.5362709006913216 4.421976310905217
-2.443954379371306 -4.363756953741982
5.095780113589032 0.24540734598114436
-1.685641393618277 4.286538341446591
-2.5782289061910832 -4.723624437807562
5.155655418717021 -0.17769932236002073
-2.6718999471558433 4.164836442347738
5.193280634849768 0.07810332030842564
-2.3636217298857476 -3.6807937860201614
-2.9166360670752236 4.272646438017387
5.085263043243728 -0.5656738866760891
-2.2204401432321452 -4.4011991798918775
-3.237906823334669 4.490588003803833
4.905271935189435 0.07088733284651774
-2.7855436636074313 4.14247350687584
4.881555486955054 0.2618646903511086
5.051633870850221 0.00011696095469090233
-2.3864386652734226 4.27453929452766
-2.37208300659522 -4.234201000303814
4.928763716975384 0.18237433502308334
-2.7434002820776393 4.278434138257976
-2.436960369097496 -4.237764739884533
-2.395771234008696 -4.504903876230037
4.8894134475865725 0.19419244605636865
5.128964885103802 -0.0010360745020520752
5.1135960313845015 -0.22822489934677131
-2.6510027214560252 4.648625136700718
-2.295213210937737 -4.152926833813153
-2.7486001812297363 -4.578102408302827
-2.6494202900962867 4.001722836464243
-3.1957104127208646 4.50739250880637
-2.5114111374843375 -4.4606451780590035
-2.559687229517735 -4.430284904362977
-1.9342845550276744 5.038848321426505
-2.2864219276019266 4.593909698613579
-2.526196618305173 -4.3561086745524795
-2.948372052846586 -4.616051508805801
-2.4258030225369067 4.3013364144588095
5.174413462525035 -0.3151818220955903
-2.6731097959709187 -4.730036225626865
-2.304452710999485 4.199070285932813
-3.035159543913796 4.970336572229214
-2.671139793578756 4.506282026258313
5.079073971585005 -0.034531585564313357
4.972035638590185 0.577708940318637
4.835274794279879 -0.2566965124782274
-3.175541572012095 4.559488448411184
-2.780015862396381 -4.613941861564037
5.008746403969622 -0.012709028284979515
5.1118312414685 -0.38792042277795535
4.919660321726965 0.2561611543781591
-2.4129251095450406 4.662762818437029
-2.5006138545907475 4.338200838343739
-2.9601640191393 -4.493683687481468
5.070164076421907 -0.13651087998155229
4.85484966847366 0.0910636988133252
-2.524161439548499 3.98484896968115
-2.420736102851075 4.3923601272662465
4.994078139303459 -0.07775429726194853
-2.3633476964921956 -4.541427812611406
-2.441710311050676 -4.182905100603109
-2.1963791027278017 -4.360204413327503
4.884935416231718 0.2873670813886066
-2.652982191029276 4.310588152167966
4.933403055383323 -0.3389655945056688
5.269635154701081 0.0415955282586282
-3.164038372865964 -4.042504349865851
4.9031591179094445 0.028795950697684976
4.933219305548045 -0.08173612780589481
-2.4012665226616146 4.36321328836348
-2.47638260810617 4.465314878016683
-1.9128824849389803 -4.063325272386735
5.046103274448433 0.09756698900526878
5.177499060456249 0.09258216802053128
5.198770103634361 0.03368055442581074
4.991300079767501 -0.030692577856056835
-2.292147619948293 -4.275134283607613
-2.506678470419235 -4.228921355354033
5.176745774926877 0.07246309571254034
-2.527910085161573 4.351957033337443
-2.775704876691927 -3.891808447554376
5.1099954787531905 -0.017643012732269033
4.855103461058996 -0.30723703646182515
4.898261523908033 -0.16546564303534214
-2.4204583622331626 4.198277992279897
4.86106718426514 -0.18391292911142573
-2.5873230278346178 -4.453157526839517
4.818127618656213 0.39372265362852027
-2.145819744826224 4.18730631262882
4.967013242083797 -0.061222517943932964
4.981094015888449 -0.00037581669880546375
-2.835345355270436 4.329649456450072
-2.4923202375198517 -4.333780264347959
5.1410225969248495 -0.18743054091833744
4.930209285673945 0.09868588355329215
-2.624406174156843 4.241396805413837
5.183159951356379 -0.14349177678257835
5.033253962594813 -0.029226313528350804
4.71906012351129 0.30738888454817126
-2.4658326614584336 -4.115260437685422
-2.382037100234933 -4.3021702196418135
-2.589106388882845 4.306058142055302
-2.4636835760875093 -4.078213565053158
-2.4157185815972206 4.2655964030908375
-2.614053963846159 4.099649709363409
-2.3080201864562393 4.4872374492094265
5.003266972972317 -0.08051516088882855
-2.4858676820272607 -4.362502206434417
5.338554483467 0.28667283916744757
-1.7428162460474208 -4.539689493633062
-2.537616129977499 4.294848334512167
-2.5034483583836895 4.317085118356861
4.971889183918513 -0.026334139317691893
4.654349046611739 -0.2022745455072696
-2.445967087836124 4.305478197374429
-2.480536647823825 4.3507237495147635
-2.547257403265648 -4.294985591647789
5.001409862540243 0.001501527048890456
-2.7706651011690195 4.194563391893044
-2.5537925329137985 4.616093428027551
-2.453409521510633 -4.527020819830174
-2.798834006621739 4.315148901838158
-2.569091134989692 3.886449014082858
4.949948023837426 0.37808990821728006
4.972728274995187 0.3912599783597387
4.988788599389904 0.200446947128251
-2.5349201966589097 4.393136308126342
5.037148343784368 0.034432833607251946
-2.823854564480611 4.187386821352569
-2.373824700747844 -4.3594769017244115
4.872105566949316 0.04267413782055753
-2.5989719825721997 -3.5174068278136037
-2.3945116698459725 4.076305030649819
4.918962262739008 0.036523080956457475
-2.3979019325972577 -4.387975395035424
4.938845320744234 0.24055341410364456
4.624552216091307 -0.4790617844423655
-2.6350490047459223 -4.949358984583818
-2.4262456868044633 -4.455794750155911
-2.4892432766485486 -4.020360318865435
-2.36121019206127 -4.437776204842576
5.50243553213501 -0.14679796432434578
-2.4082058566773417 -4.263137558095878
-2.4943157952446087 4.175812239982408
-2.5832992596159947 -4.256415030567941
-2.4248194046174207 -4.247420837758544
5.002518460368435 0.014989858819052886
-2.3784075200589982 4.403817376891241
-2.8721783177971028 -4.4697730333302585
4.987512706873324 -0.27979788575681097
-2.8752907645665453 -4.601840523395407
-2.5338964262061836 -4.27070174239446
-1.984098247819235 -3.9523493118089457
-2.8513926650347226 4.299278944967091
-2.460379351902194 -4.289520055021999
-2.299754240501261 -4.579739468155864
-2.338818271072124 4.363113346338999
-2.6786125869435655 -4.230612784295455
5.10331030645947 -0.1355625333239895
-2.4742477465754016 -4.15855018652946
4.6101471802972736 0.19201784227870916
5.140311469413614 -0.115679035725688
-2.4725776754697786 -4.581687625063727
4.866786091720189 -0.14098577556734265
5.0738212380362375 -0.03688749548051685
-2.465281178205345 -4.120454760196277
5.307023448827644 0.003533284107245994
5.002711799417009 -0.07153482034626156
-2.558022039116616 4.589797544774712
-2.4187568242826223 -4.663294496067802
4.892504470155165 0.2636830208207004
-2.782674900657886 4.246713236297393
4.965743554067991 0.17249895276351454
-2.557211939305512 -4.206836480466819
5.23539048295058 0.042683286885549065
4.975295113552336 0.08953744843205995
5.205397771635073 -0.1471051835231929
5.130022303108567 0.0772632005798936
-2.592642715008249 -4.068072544430138
-2.7410673289019503 -4.504083340183458
5.230382568338363 -0.041121924485708644
-2.7310489970485525 -4.354354615722543
-2.512338405659965 4.260396444563671
5.2205145212324275 0.004393880630221936
